timeslot,room
31,1
32,1
33,1
28,1
29,1
30,1
66,1
67,1
68,1
16,1
17,1
18,1
11,1
12,1
13,1
8,1
9,1
10,1
2,0
3,0
4,0
5,0
6,0
7,0
50,5
51,5
38,5
39,5
23,4
24,4
46,4
47,4
34,5
35,5
2,4
3,4
15,5
16,5
48,5
49,5
0,5
1,5
68,4
69,4
36,4
37,4
52,5
53,5
19,4
20,4
21,5
22,5
17,5
18,5
40,5
41,5
0,6
1,6
36,2
37,2
21,4
22,4
19,1
20,1
32,6
33,6
4,5
5,5
66,5
67,5
17,4
18,4
34,6
35,6
64,5
65,5
2,3
3,3
62,5
63,5
15,3
16,3
68,5
69,5
51,0
52,0
60,3
61,3
60,0
61,0
2,1
3,1
48,1
49,1
34,0
35,0
36,1
37,1
42,0
43,0
38,0
39,0
12,0
13,0
34,4
35,4
40,3
41,3
36,5
37,5
62,3
63,3
24,5
25,5
30,6
31,6
42,4
43,4
44,2
45,2
66,4
67,4
6,3
7,3
32,0
33,0
60,2
61,2
38,3
39,3
64,2
65,2
58,1
59,1
56,3
57,3
4,1
5,1
54,0
55,0
64,1
65,1
0,0
1,0
6,1
7,1
44,0
45,0
10,0
11,0
8,0
9,0
52,2
53,2
25,3
26,3
30,2
31,2
32,2
33,2
28,3
29,3
56,2
57,2
68,2
69,2
46,2
47,2
23,2
24,2
62,2
63,2
58,3
59,3
50,3
51,3
66,2
67,2
17,3
18,3
21,2
22,2
19,3
20,3
44,1
45,1
46,1
47,1
56,0
57,0
58,0
59,0
21,1
22,1
23,1
24,1
60,1
61,1
62,1
63,1
6,4
7,4
2,5
3,5
0,4
1,4
62,4
63,4
25,4
26,4
4,4
5,4
44,4
45,4
46,5
47,5
28,4
29,4
30,5
31,5
10,5
11,5
8,4
9,4
58,5
59,5
60,4
61,4
64,4
65,4
56,5
57,5
48,6
49,6
50,6
25,1
26,1
27,1
45,6
46,6
47,6
64,3
65,3
66,3
2,6
3,6
4,6
5,6
6,6
7,6
51,4
52,4
53,4
8,6
9,6
10,6
15,0
16,0
0,1
1,1
50,1
51,1
23,0
24,0
17,0
18,0
19,0
20,0
48,0
49,0
21,0
22,0
8,5
9,5
17,6
18,6
21,6
22,6
60,6
61,6
38,6
39,6
66,6
67,6
19,6
20,6
23,3
24,3
62,6
63,6
64,6
65,6
36,0
37,0
34,3
35,3
25,6
26,6
56,1
57,1
58,2
59,2
32,4
33,4
66,0
67,0
68,0
69,0
52,1
53,1
54,1
55,1
62,0
63,0
64,0
65,0
28,0
29,0
30,0
31,0
38,2
39,2
4,3
5,3
28,2
29,2
30,3
31,3
36,3
37,3
68,3
69,3
10,3
11,3
8,3
9,3
17,2
18,2
32,3
33,3
19,2
20,2
21,3
22,3
54,2
55,2
15,2
16,2
6,2
7,2
34,2
35,2