timeslot,room
17,0
18,0
19,0
6,0
7,0
8,0
3,0
4,0
5,0
0,0
1,0
2,0
63,1
64,1
65,1
66,1
67,1
68,1
33,0
34,0
35,0
43,0
44,0
45,0
60,5
61,5
22,4
23,4
64,4
65,4
62,5
63,5
48,5
49,5
50,4
51,4
4,5
5,5
6,4
7,4
24,5
25,5
34,4
35,4
26,4
27,4
36,4
37,4
54,4
55,4
52,5
53,5
2,5
3,5
0,5
1,5
36,3
37,3
58,4
59,4
56,5
57,5
20,6
21,6
24,4
25,4
12,6
13,6
60,6
61,6
62,3
63,3
22,6
23,6
30,3
31,3
34,5
35,5
64,2
65,2
46,1
47,1
32,5
33,5
38,4
39,4
66,3
67,3
38,0
39,0
4,1
5,1
66,0
67,0
6,1
7,1
26,1
27,1
28,1
29,1
64,0
65,0
16,1
17,1
24,6
25,6
40,0
41,0
34,6
35,6
58,6
59,6
46,4
47,4
32,6
33,6
38,2
39,2
0,1
1,1
2,1
3,1
36,6
37,6
60,2
61,2
62,6
63,6
44,4
45,4
48,1
49,1
50,5
51,5
52,6
53,6
44,1
45,1
20,0
21,0
42,1
43,1
68,0
69,0
10,0
11,0
30,1
31,1
14,1
15,1
36,0
37,0
34,3
35,3
62,2
63,2
60,3
61,3
18,2
19,2
22,3
23,3
52,3
53,3
2,2
3,2
58,2
59,2
32,3
33,3
40,3
41,3
8,3
9,3
24,2
25,2
50,3
51,3
12,3
13,3
48,3
49,3
46,2
47,2
8,1
9,1
10,1
11,1
56,1
57,1
58,1
59,1
52,0
53,0
54,0
55,0
22,0
23,0
24,0
25,0
28,4
29,4
62,4
63,4
22,5
23,5
12,5
13,5
30,4
31,4
4,4
5,4
10,4
11,4
8,4
9,4
18,5
19,5
6,5
7,5
60,4
61,4
46,5
47,5
58,5
59,5
20,4
21,4
56,4
57,4
48,4
49,4
5,3
6,3
7,3
17,4
18,4
19,4
67,6
68,6
69,6
36,5
37,5
38,5
39,6
40,6
41,6
43,6
44,6
45,6
8,5
9,5
10,5
2,3
3,3
4,3
56,0
57,0
12,0
13,0
20,1
21,1
32,1
33,1
24,1
25,1
22,1
23,1
26,0
27,0
50,1
51,1
50,6
51,6
16,6
17,6
4,6
5,6
6,6
7,6
0,6
1,6
2,6
3,6
66,5
67,5
48,6
49,6
44,3
45,3
42,5
43,5
34,1
35,1
8,6
9,6
30,5
31,5
32,4
33,4
46,0
47,0
18,1
19,1
58,0
59,0
60,0
61,0
28,0
29,0
30,0
31,0
48,0
49,0
50,0
51,0
52,1
53,1
54,1
55,1
14,3
15,3
48,2
49,2
10,3
11,3
8,2
9,2
32,2
33,2
34,2
35,2
64,3
65,3
6,2
7,2
16,2
17,2
4,2
5,2
22,2
23,2
24,3
25,3
26,3
27,3
18,3
19,3
36,2
37,2
20,3
21,3